JFK Airport 
[-73.821945,40.648866],
[-73.770447,40.623855],
[-73.747787,40.641573],
[-73.794479,40.661369],
[-73.821945,40.648866]
Madrid Airport 
[-3.579826,40.456091],
[-3.575363,40.452172],
[-3.56472,40.456875],
[-3.553734,40.457397],
[-3.550644,40.45374],
[-3.545837,40.452695],
[-3.543434,40.459748],
[-3.540001,40.460271],
[-3.537598,40.454785],
[-3.526955,40.455307],
[-3.556824,40.499964],
[-3.558884,40.543548],
[-3.57811,40.535199],
[-3.57811,40.503358],
[-3.595963,40.502836],
[-3.596649,40.481948],
[-3.578796,40.480904],
[-3.57605,40.467323],
[-3.579826,40.456091]
Old Jaffa City 
[34.751955,32.053954],
[34.752803,32.053008],
[34.755453,32.054654],
[34.753661,32.055218],
[34.751955,32.053954]
Tel Aviv University 
[34.803636,32.114949],
[34.801705,32.113967],
[34.801877,32.11095],
[34.806941,32.11075],
[34.807069,32.115658],
[34.803636,32.114949]
Kibbutz Tzuba 
[35.117739,31.784703],
[35.11765,31.784452],
[35.117876,31.784342],
[35.118047,31.78468],
[35.117739,31.784703]
Yad Vashem Holocaust Museum 
[35.175463,31.774068],
[35.17542,31.774032],
[35.17598,31.77363],
[35.17612,31.773722],
[35.175463,31.774068]
Mount Herzl 
[35.182973,31.767047],
[35.18301,31.766539],
[35.183745,31.766607],
[35.183426,31.767198],
[35.182973,31.767047]
Mehane Yehuda Market 
[35.212115,31.78579],
[35.212126,31.785334],
[35.212297,31.785339],
[35.212297,31.785792],
[35.212115,31.78579]
Avshalom Cave and Archeological Dig 
[35.022182,31.756379],
[35.021882,31.754627],
[35.025294,31.754609],
[35.02362,31.75689],
[35.022182,31.756379]
Bedouin Tents, Kfar Hankdim 
[35.200195,31.280898],
[35.202255,31.266226],
[35.218048,31.281485],
[35.217361,31.292047],
[35.200195,31.280898]
Mount Masada 
[35.346622,31.319768],
[35.347052,31.317055],
[35.349026,31.317055],
[35.348511,31.320061],
[35.346622,31.319768]
Dead Sea 
[35.507813,31.760867],
[35.549011,31.753861],
[35.491333,31.325487],
[35.384216,31.316101],
[35.458374,31.739847],
[35.507813,31.760867]
Blue Bay Hotel, Netanya 
[34.854255,32.352068],
[34.853311,32.348552],
[34.856336,32.348552],
[34.855971,32.352449],
[34.854255,32.352068]
Agamon Hula 
[35.59021,33.108798],
[35.590553,33.095281],
[35.623169,33.092692],
[35.622826,33.109373],
[35.59021,33.108798]
Kibbutz Ginosaur 
[35.523005,32.850894],
[35.519571,32.844621],
[35.524721,32.843467],
[35.528069,32.849957],
[35.523005,32.850894]
Haifa 
[34.955063,32.823346],
[34.986992,32.83402],
[35.03231,32.783522],
[34.958496,32.776017],
[34.955063,32.823346]
Jerusalem, Old City 
[35.226288,31.779037],
[35.228004,31.772907],
[35.237617,31.776337],
[35.236673,31.783852],
[35.226288,31.779037]